#----------> 1)To print number of elements in a file
file = open("/home/hdbhatt/Desktop/good_runs_all.txt","r")

total_numbers = 0
for line in file:
    parts = line.split()
    total_numbers +=len(parts)
print(total_numbers)#this counts all the numbers in a file
file.close()

#-----------> 2)To print all the things in the txt file
print("\t")
print("Printing All the Runs Now....")
print("\t")
f = open("/home/hdbhatt/Desktop/good_runs_all.txt","r")
text = f.read()
print(text)
f.close()

'''
good_runs_all.txt: It prints the Text as well.

6018 6019 6020 6021 6022 6026 6027 6028 6029 6030 6031 6032 6043 6044 6045 6046 6049 6050 6051 6052 6053 6054 6055 6056 6057 6058 6067 6068 6070 6071 6073 6080 6081 6087 6088 6089 6090 6091 6093 6094 6095 6096 6097 6098 6109 6110 6111 6112 6114 6115 6116 6119 6120 6124 6125 6127 6128 6129 6130 6132 6133 6135 6136 6137 6138 6145 6146 6154 6155 6166 6168 6169 6170 6171 6172 6179 6180 6181 6182 6183 6184 6185 6186 6187 6194 6195 6196 6197 6198 6199 6205 6208 6209 6210 6211 6212 6213 6214 6215 6216 6217 6219 6220 6242 6243 6244 6245 6246 6247 6248 6249 6250 6251 6252 6261 6262 6263 6264 6265 6266 6267 6270 6271 6272 6273 6274 6275 6276 6277 6288 6289 6290 6291 6292 6293 6294 6295 6296 6304 6305 6306 6307 6308 6309 6310 6311 6312 6317 6318 6322 6323 6325 6326 6327 6328 6329 6339 6340 6341 6342 6343 6344 6345 6346 6347 6348 6349 6350 6351 6352 6353 6354 6359 6360 6363 6364 6365 6367 6368 6370 6371 6372 6373 6374 6375 6376 6377 6378 6379 6380 6381 6382 6383 6385 6386 6387 6388 6389 6390 6391 6393 6394 6395 6396 6397 6398 6399 6400 6401 6402 6403 6404 6405 6406 6407 6408 6410 6411 6412 6413 6415 6416 6417 6419 6421 6422 6423 6425 6426 6427 6428 6429 6430 6431 6432 6433 6434 6435 6436 6439 6440 6441 6442 6443 6444 6445 6446 6447 6448 6451 6452 6453 6454 6455 6456 6459 6460 6461 6462 6463 6464 6465 6466 6467 6468 6469 6470 6471 6472 6473 6474 6475 6476 6477 6478 6479 6482 6483 6484 6485 6486 6487 6488 6489 6490 6491 6493 6494 6495 6496 6497 6498 6499 6500 6501 6502 6503 6504 6506 6507 6509 6510 6512 6513 6514 6515 6516 6517 6518 6519 6520 6521 6522 6523 6524 6525 6526 6527 6528 6529 6531 6532 6533 6534 6535 6536 6537 6538 6539 6541 6542 6543 6544 6545 6546 6547 6548 6549 6550 6551 6552 7593 7594 7595 7596 7597 7599 7600 7601 7602 7603 7604 7605 7606 7607 7608 7609 7610 7611 7612 7613 7614 7615 7616 7617 7618 7619 7620 7621 7622 7623 7625 7626 7627 7628 7629 7630 7631 7632 7633 7634 7635 7636 7637 7638 7639 7640 7641 7642 7643 7644 7645 7646 7647 7648 7649 7650 7651 7652 7654 7655 7657 7658 7659 7660 7661 7662 7663 7666 7667 7668 7669 7670 7671 7672 7673 7674 7675 7676 7677 7678 7679 7680 7681 7682 7684 7685 7686 7687 7688 7689 7690 7692 7694 7695 7697 7698 7699 7702 7703 7706 7707 7708 7709 7710 7711 7712 7713 7714 7715 7716 7717 7718 7719 7720 7721 7722 7724 7725 7727 7728 7735 7736 7737 7738 7739 7740 7747 7748 7749 7750 7751 7752 7757 7758 7759 7760 7762 7768 7769 7770 7771 7772 7773 7774 7775 7776 7777 7783 7784 7785 7786 7787 7790 7791 7792 7793 7794 7796 7797 7798 7799 7800 7801 7802 7803 7804 7805 7806 7807 7808 7809 7811 7812 7813 7814 7815 7816 7817 7819 7820
How r you
'''
